1000
1100101011101011101011
1011111010111110111010
1110111110111110101111
1011101011111011101111
1011111110111010111010
1110111111111111101110
1111101011111111101011
1110111110111011111011
1110101111111110101110
1011111111111011111111
1110111010111011111010
1111111110111110111110
1111101011111011101011
1111111011111111111110
1110101110111111111111
1011111011111111101011
1011111011111110111110
1111101110111110111111
1011101111111011111111
1010111111111010111110
1110111110111111101110
1011101111111111101111
1110111011111110111011
1110111111111110101111
1111111111111011111011
1111111011111011111010
1111101111111110111110
1111101011111011111011
1010111111111110111111
1110101110111110111110
1011111111111011101111
1011111110111111111011
1111101111111110111111
1011111011111011101111
1110111110111011111110
1110111111111111101111
1111101111111111101011
1111111010111010111111
1110111111111111101110
1011101111111111111011
1010111011111111111111
1111101110111111101111
1111101111111011101111
1011111011111111111110
1110111110111110101111
1011111011