10000
110010101110101110101110111110101111101110101110111
110111110101111101110101111101110111110111111101110
101110101110111111111111101110111110101111111110101
111101111101110111110111110101111111110101110101111
111111101111111111101110101110111110101111111110111
110111110111110101111101110101111111110111111111111
101110101110111111111111101111101111111110101110111
110111111101111101111101110111110111111101110111111
101111111110101111111110101111101110111110111111101
110101110111111111110111111101110111111101110111110
111111111110101111111111111111101111101111111110111
110111110101111101111111110111110111110101111101111
101110101111111111101111111110101110111110111110101
111111111101110111110111111101111111110111111101111
111110111111101111101111101110111111101111101110111
111101110111111111111101111111110111111111110101111
111110101110101111111110111111111111101110101110111
111111111101110101110111111111111111111101110111111
101111111110111111101110111110111110111111111111101
110111110111110111111101111101111111111101110111110
101111111110101111101111111110101111111110101111101
111111111111111101110101110111110111110111111101111
101111101111111111111111111110101111111110111111101
111111110111110111110111111101111111111101110111110
111110101111101111111111101111111110111111111111111
110101110111110101111101110101110111111111110101111
101111111111111111111111111111111110111110111110111
111101111111111111111101111111110111111111111101110
101110111110111111101110101111101111111111101111111
110101110101110111110111111111110111111111110111111
101111111111101111101110111110111111101110111111101
110111111111111101110111110101110111110101111101111
111110111111111111111111101111101110101111111111111
111111111101110101111111110111111111110101111111110
111111101111101111101111101111111111111111101111101
110101111111111101111111110111111111110111111101111
111111111110111111111111101111101110101110101111111
110111111111110111110111110111111111111111110101111
111111111110101111111111111111111110111110111111101
111101110101110111111101111101111111110101111111110
111111111111101111111110111110111111111110101110101
111111110111111111110101111111111111110101111101110
101111111110111111101111111111111111101111111111111
111111111101110111110111111101111111111111110101110
111111101111111111111110101110111111101111101111101
110111111111110101111111111111111111110111110101111
101110111110111111111111101111101110101111101110111
110111111111110111110111110111111111111101110111110
111111111110111111101111101110111111111111111111111
111101111111111111111101111111110111111101110111110
101111101111111111111111111110111111111110101111111
111111110111111101110111111111110111111111111101111
111110101110111111101111101111101110101110111110111
111101110101111101111111110101111111110111111101110
111111111111101111111110111111111110101111101110101
111111111111110111111111111101110111110111111101111
101110111111111111111110111111101111111110111110111
110111111101111111110111111111110111111111111101110
111110111110101111111111111111111111111110101111111
110111111101110111111111111101110111111101111111111
101111101111111111101110111110111111111111111111101
111111110101111111111111110111111111111111111111111
101110101111111111101111101110111111111110111110111
111101110111111101111111111111111111110101110101111
111111101111111111111111111111111110101111101111101
111101110111110101111111111101110111111111110101111
111110101111111111111110101111111111111110111110111
111111111111111101111111111111110111111101110101110
101111111111111111111110111111101111111111101111101
111111110101110111110101111101111111110101111111111
101111111110101111111110111111111111101111101110111
110111111101111101111101111111111111110111111111110
101110111111111111101111101110111111101111111110111
111101111101111101111111111111111111110111110101111
111110111111111111101110111110111111111111111110101
111111110111111111111101110101111111110111111111111
101110111111101111111111111111101110111110101110111
110101111111111101110111111111111111111101111111111
111111111110111111111110101110111110111110101111101
111111111111111111110101111101111111111111110111110
111111111110101111101111111111101111111111111110101
110111110111111111111101110101111111111111111101111
111111111111111111101111111110111110101111111110101
111111110101111111110111110101111111110101111111110
111110111111101111111111111111111111111111101111111
110101111111110111111101111101111111110111111111111
111110111110111111111110111111111110101111111111111
111101111101110111110111110111111111111111110101111
111110111111111111101111101110101110111111111111111
111111110101111111111101111101111111111111110111111
101111101111101111111111111111101111111111111110101
110111110101111101111101111111110111110111111111110
111111111110111111111111111110101111101110111111111
111111110111111101111111111111111111111101110101110
111110101111111111101110111111111111101111111111111
111111111111111101111111110111110111111111110111111
111111101111101111111110111111111110101110111110111
111101111101111111110101110111111111111101111101111
101110111110101111111110101111111111111110111111111
110111111101111111111111111101110111110111111111110
101111101111101111101111111111111111111111111110111
110111111111111101110111111101111111110111111101111
111111101111111111111111101110101110111111111111111
111111110111111111110111110101111111111111110111110
111110111111111111101111111110111111111111101110111
111111111111111111111111110111110111110111110111111
101111101110101111111111101111101110101111101111111
111111111111110111110101110111111111111111110101110
111111111110101111101110111111111111111111111111101
111101111101110111111101111111110111111111111111111
111111111111101111111111111110101111101110101110101
111111110111111111111101111101110111111101111111110
111110111111111111111111101110101111101111111111111
111111111111111101110111111101111111110111110111110
111111101111101111111111101110111110101111101110111
110101111111110101111111111111110111110111111111111
111111101110111111111110111111111111101111111111111
111111111111110111110111111111111111111101110111111
111111111110111111101111101110111110111111111111101
111101111101111111110101111111110111111111110111111
101111111110101111111110111111101111111111101111111
110111111111111111111111110101110111111101111101110
111111101111111111111111101111111110111110111110101
111101111111110111111111110101111111110111110111110
111110111111101111101111111110111110101111101111101
111101111111110111111101111111111111111111111101111
101111111111111111111110101111111111111111101110111
111101111111110111111111111111111111111111110111111
101111111111111111101110101111111110111110101111101
110111111111111111110111111101111111111101111111111
111111101111111111111110111110101111111111101111101
111111110101111111110101111101111111110111111111111
101110111111111111111111111110101111111111111110101
111111110101111111110111111111111111111101110101110
111111101111111111111110111110111110101111111111101
111111111111110111111101110111110111111111111111111
111111111110101111111110101111101110111110111110111
111101111101110111111111110111110111111101111111111
101110111111111111101111111111101111111110111111111
111111111111110111110111111111110111110101111111111
111111111110111111101111111111111111101111111110111
110111111111111101110101111101111111110111111101111
101110111110111111111111111111111111111110111111111
111101111111110101111111111101111111110101111111111
111110101111111111111111101111111111111111111111101
111111111111111101111101111111111111110111111111111
111110111110101111111111111111101110111110101111111
110111111101111111110111110111110111111101110111110
101111111110101111111111101110111110111110101111111
111101110111111111111101111111111111111101110111110
111111111111111111101110111111101111101110111111101
110111111111111101111101110111111111111101111111111
101110101111111111111111111111111111101110111111111
111111111111110111110111110111111111110111111111110
111111111111101111101110101110111111111111111110111
110111111111110111111101111101110111111111110101111
111111101111111111111111111111111111101111111111111
110101111101111111111111111111110111111111111101111
101111111110111111111110111110101110111111101111111
110111110111110111111111111111111111110111111111111
101111101110111111101111111111101111111111111111101
111111110101111111110101110111110111111111111111111
101111101110111111111111101110101110111111111111101
111101111111111101111111111111111111111101111111110
111110111111101111111110101111111111111111111111111
111101110111110101111111111101110111111111111101111
101111111111111111111111111111111110111111111110111
111101111101111111110101110111111111111111111101111
111110111111101111111111111110101111111110111111111
111101110101111111111101111101111111111111110111110
111111101110111111101110111110111111101111101111101
111111111101111101110111110111110111111101111111111
111111101110111111111111111111101110111111111110101
111111110111110101111111110111111111110101110111111
111111111111101111101111111111111111111111111111101
111101110111111101111111110111111111110111110101111
111111111011111111111110101111101110101111111111111
110111111111110101111101111111110111111101111111111
111111111111101111111111101111101111111111111111101
111101110111111111111101111101110111111111110111111
101111101111111111101110111110111111111110111110111
111111110101111111111111110111111111111111111101110
101111111110111111111111111110111111101110111111111
111101110101111101111111111111111111110111110111111
111111101111101111101111111110111110101111111110101
110101111111111111111111110101110111110111110111111
111110111110111111111111101111111110111111111110111
110111111101110111111111111111111111111111111111110
111111111111101111111111101111101110111110101111111
111101111101111111111101111111111111110101111111110
111111101111111111111111111110101111111111101111101
110111110111111111111111110101111111111101111101110
111111111110111111101111101111111111101110111110111
111111110111110101111111111101111111111101110111111
111111101111101111111111111110111110101111111110111
111101111111111111111101111101111111111111111111111
1111